> install.packages("xlsx")
trying URL 'https://cran.rstudio.com/bin/windows/contrib/3.2/xlsx_0.5.7.zip'
Content type 'application/zip' length 400813 bytes (391 KB)
downloaded 391 KB

package ‘xlsx’ successfully unpacked and MD5 sums checked

The downloaded binary packages are in
	C:\Users\310084562\AppData\Local\Temp\RtmpC6pA4f\downloaded_packages
> source('~/R projects/Data_Duplication_Verification.R')
Loading required package: rJava
Loading required package: xlsxjars
Mean of the first column: 493485.975204959
Data list object type: list
Warning messages:
1: package ‘xlsx’ was built under R version 3.2.5 
2: package ‘rJava’ was built under R version 3.2.5 
3: package ‘xlsxjars’ was built under R version 3.2.5 
> dataset
    [1] 327028 938372 440843 963618 436100 485276 642002  99865 310970 475858 412679 851342 417014  50601 463271 378719
   [17] 897997 166156 675454 483131 905947  72321 868721 268336 153513 328701 640934 513953 807559 321101 182759 814465
   [33] 461819 230163 881937  58506 183945 955024 317252 653066 256486 208061 328271 536956 119977 838560 631920 634627
   [49] 205474 475386 683973 867876 688292 316650 437549 678706 113325 370021 846208 286478 902770 961499 485750 184124
   [65] 815333 943177 704230 589681 303174 785325 457058 971400 628072 460136 331923 237939  93236 834554  91840 152003
   [81] 477737 580699 294084 665588 815884  69929 913583 206190 711805 136370 121615 696634 863972 551128 280804 178756
   [97]  30715 691434 277493 504865 603330 915807 991433 929788 524914 771258 704685 781528 998317 106870  16445    640
  [113] 276572 380428 240016 700238 692866 433178 119729 991566  54339 152961 774225 833963  33930 983892 797910 266321
  [129] 784994 414933   7232  46833 315737 826474  76096 203183 207021 174407 372201 209146 322674 250587 880644 729727
  [145] 165168 805591 405393  87575 125816 670847 286095 617803 908223 309667 558714  29655 726355 298058 930448 266638
  [161] 523304 358723 324910 251458 352288 810398 382254 910891 525518 363631 604225 945866 970182 743708 881854 582263
  [177] 650198 738941 835602 532663 489030 494146 255920 970814 452805 403102 507971 618360 884773 500228 431380 622378
  [193] 638345 921413 693893 434321 813928 169295 573094 539377 664878 688153 335549 538383 116743 180258 536118 855602
  [209] 490532 629910 518450 163939 533589 557820 518264 424023 631853 569064 703362 464884 292555 527412 702648 279505
  [225] 213587 781659 611070 173977 118605 839001 323525 486165 159625 977881  11695 808597 416445 318949 478145 132117
  [241] 948610 575825 144235 248265 292176 709193 258428 811766 638615 741008 764805 685954 994185 163336 975472 883069
  [257] 244800 373004 952726 630132 850113 529453 100442 409785 928975 992568 124694 106077 365474 136290 765663 431016
  [273] 603848 664699 555465 316974 490722 996295  79103 423293 476657  35723 422965 830335 420590 459963 837849 686324
  [289] 627663 749166 219522 308622 224109 484703 838236 225073 411727 391846 230479   5299 847154 368865 405385 687484
  [305]  64217 747093 256571 868693 332497 267702 451247 658022 967760 555445 787076 106712 525467 447981 308682 640215
  [321] 678092 779536 624720  49659 717678 985979 552078 165649 445420 293272 879266 317822 685610 677111 684195 613633
  [337] 898925 404215 906848 180930 181585  77646 142776 204246 650803 739251 826920 402039 235506 199954 496932 735610
  [353] 912575 355490 959444 991095 300301 107910 315525 959141  93518 290309 289179 252200 882024 212727 299502 595508
  [369] 103388 736243  56083 719817 974190   6651 597901 772040 618348 563633 124326 505057 415734 933705 125007 360914...etc.


The output above is an array that contains no duplicates.  About 4% of the original matrix was removed as duplicate values.
These duplicates could be within one column, or even across columns.  Either way, each number in the cleaned dataset
is now a unique value.
  


  